left_poses:
  Blue_Pose1: [0.482, 0.3705, 0.2, 0.0, 0.0, 1.57]  # x, y, z, roll, pitch, yaw
  Blue_Pose2: [0.482, 0.2705, 0.2, 0.0, 0.0, 1.57]
  Blue_Pose3: [0.482, 0.1205, 0.2, 0.0, 0.0, 1.57]
  Blue_Pose4: [0.482, 0.0205, 0.2, 0.0, 0.0, 1.57]
  Blue_Pose11: [0.282, 0.3705, 0.2, 0.0, 0.0, 1.57]
  Blue_Pose12: [0.282, 0.2705, 0.2, 0.0, 0.0, 1.57]
  Blue_Pose13: [0.282, 0.1205, 0.2, 0.0, 0.0, 1.57]
  Blue_Pose14: [0.282, 0.0205, 0.2, 0.0, 0.0, 1.57]
  Blue_left_initial: [0.0, 0.3, 0.4, 0.0, 0.0, 0.0]
  Blue_left_goal: [0.5, 0.3, 0.4, 0.0, 0.0, 0.0]
  Red_Pose1: [1.118, -0.7295, 0.2, 0.0, 0.0, 1.57]
  Red_Pose2: [1.118, -0.6295, 0.2, 0.0, 0.0, 1.57]
  Red_Pose3: [1.118, -0.4795, 0.2, 0.0, 0.0, 1.57]
  Red_Pose4: [1.118, -0.3795, 0.2, 0.0, 0.0, 1.57]
  Red_Pose11: [1.338, -0.7295, 0.2, 0.0, 0.0, 1.57]
  Red_Pose12: [1.338, -0.6295, 0.2, 0.0, 0.0, 1.57]
  Red_Pose13: [1.338, -0.4795, 0.2, 0.0, 0.0, 1.57]
  Red_Pose14: [1.338, -0.3795, 0.2, 0.0, 0.0, 1.57]
  Red_left_initial: [1.0, -0.3, 0.4, 0.0, 0.0, 0.0]
  Red_Left_Goal: [1.751494, -0.73528, 0.2, 0.0, 0.0, 0.0]

right_poses:
  Blue_Pose5: [0.482, -0.1295, 0.2, 0.0, 0.0, 1.57]
  Blue_Pose6: [0.482, -0.2295, 0.2, 0.0, 0.0, 1.57]  # x, y, z, roll, pitch, yaw
  Blue_Pose7: [0.482, -0.3795, 0.2, 0.0, 0.0, 1.57]
  Blue_Pose8: [0.482, -0.4795, 0.2, 0.0, 0.0, 1.57]
  Blue_Pose9: [0.482, -0.6295, 0.2, 0.0, 0.0, 1.57]
  Blue_Pose10: [0.482, -0.7295, 0.2, 0.0, 0.0, 1.57]
  Blue_Pose15: [0.282, -0.1295, 0.2, 0.0, 0.0, 1.57]
  Blue_Pose16: [0.282, -0.2295, 0.2, 0.0, 0.0, 1.57]
  Blue_Pose17: [0.282, -0.3795, 0.2, 0.0, 0.0, 1.57]
  Blue_Pose18: [0.282, -0.4795, 0.2, 0.0, 0.0, 1.57]
  Blue_Pose19: [0.282, -0.6295, 0.2, 0.0, 0.0, 1.57]
  Blue_Pose20: [0.282, -0.7295, 0.2, 0.0, 0.0, 1.57]
  Red_Pose5: [1.118, -0.2295, 0.2 ,0.0 ,0.0 ,1.57]
  Red_Pose6: [1.118, -0.1295, 0.2, 0.0 ,0.0 ,1.57]
  Red_Pose7: [1.118, 0.0205, 0.2, 0.0 ,0.0 ,1.57]
  Red_Pose8: [1.118, 0.1205, 0.2, 0.0 ,0.0 ,1.57]
  Red_Pose9: [1.118, 0.2705, 0.2, 0.0 ,0.0 ,1.57]
  Red_Pose10: [1.118, 0.3705, 0.2, 0.0 ,0.0 ,1.57]
  Red_Pose15: [1.338, -0.2295, 0.2, 0.0 ,0.0 ,1.57]
  Red_Pose16: [1.338, -0.1295, 0.2, 0.0 ,0.0 ,1.57]
  Red_Pose17: [1.338, 0.0205, 0.2, 0.0 ,0.0 ,1.57]
  Red_Pose18: [1.338, 0.1205, 0.2, 0.0 ,0.0 ,1.57]
  Red_Pose19: [1.338, 0.2705, 0.2, 0.0 ,0.0 ,1.57]
  Red_Pose20: [1.338, 0.3705, 0.2, 0.0 ,0.0 ,1.57]
  Red_Right_Initial: [2.137494, -0.73528, 0.2, 0.0, 0.0, 1.57]
  Red_Right_Goal: [2.137494, -0.73528, 0.2, 0.0, 0.0, 0.0]